init
34 87  22 14  65 47  79 91  21 34  42 55  64 42  84 47


idx and swap
34 87  14 22  47 65* 79 91  21 34  42 55  42 64* 47 84*

0  1   2  3   4  5   6  7   8  9   10  11 12 13  14 15


merge
[34 87 | 14 22]  [47 65 | 79 91]  [21 34 | 42 55]  [42 64 | 47 84]

 0  1    2  3     4  5    6  7     8  9    10 11    12 13   14 15

Comparação valores array, seleção índices
0 ~ 2 => 2
0 ~ 3 => 3
      => 0
      => 1

4 ~ 6 => 4
5 ~ 6 => 5
      => 6
      => 7

8 ~ 10 => 8
9 ~ 10 => 9
       => 10
       => 11

12 ~ 14 => 12
13 ~ 14 => 14
13 ~ 15 => 13
        => 15


Comparação reindexação e swap
 0  1    2  3     4  5    6  7     8  9    10 11    12 13   14 15
 2  3    0  1     4  5    6  7     8  9    10 11    12 14   13 15 se idx <= passa;


14 22 34 87   47 65 79 91   21 34 42 55   42 47 64 84

merge2
[14 22 34 87 | 47 65 79 91]    [21 34 42 55 | 42 47 64 84]

 0  1  2  3    4  5  6  7       8  9  10 11   12 13 14 15


0 ~ 4 => 0
1 ~ 4 => 1
2 ~ 4 => 2
3 ~ 4 => 4
3 ~ 5 => 5
3 ~ 6 => 6
3 ~ 7 => 3
      => 7

0 1 2 3 4 5 6 7
0 1 2 4 5 6 3 7

8 ~ 12 => 8
9 ~ 12 => 9
10 ~12 => 10
11 ~12 => 12
11 ~13 => 13
11 ~14 => 11
       => 14
       => 15


8 9 10 11 12 13  14 15  
8 9 10 12 13 11* 14 15  se idx <= passa; 



